0
0
0
0
0
0
0
0
173.0697120005
173.0697120005
280.3410541359
280.3410541359
280.3410541359
280.3410541359
280.3410541359
280.3410541359
280.3410541359
280.3410541359
280.3410541359
280.3410541359
280.3410541359
403.6933929454
403.6933929454
403.6933929454
403.6933929454
403.6933929454
472.3550940022
472.3550940022
472.3550940022
472.3550940022
472.3550940022
472.3550940022
472.3550940022
472.3550940022
472.3550940022
472.3550940022
472.3550940022
472.3550940022
472.3550940022
472.3550940022
472.3550940022
472.3550940022
472.3550940022
472.3550940022
472.3550940022
472.3550940022
472.3550940022
472.3550940022
472.3550940022
489.7066603338
489.7066603338
489.7066603338
489.7066603338
489.7066603338
489.7066603338
489.7066603338
489.7066603338
489.7066603338
489.7066603338
489.7066603338
489.7066603338
489.7066603338
489.7066603338
489.7066603338
489.7066603338
489.7066603338
489.7066603338
489.7066603338
489.7066603338
489.7066603338
489.7066603338
489.7066603338
489.7066603338
489.7066603338
489.7066603338
489.7066603338
489.7066603338
489.7066603338
489.7066603338
489.7066603338
489.7066603338
489.7066603338
489.7066603338
497.9007804515
497.9007804515
497.9007804515
497.9007804515
497.9007804515
502.793703199
502.793703199
502.793703199
502.793703199
502.793703199
502.793703199
502.793703199
502.793703199
502.793703199
502.793703199
502.793703199
505.482663971
505.482663971
505.482663971
505.482663971
505.482663971
505.482663971
505.482663971
505.482663971
505.482663971
505.482663971
505.482663971
505.482663971
505.482663971
505.482663971
505.482663971
505.482663971
505.482663971
505.482663971
505.482663971
505.482663971
505.482663971
505.482663971
505.482663971
505.482663971
505.482663971
505.482663971
505.482663971
505.482663971
505.482663971
505.482663971
505.482663971
505.482663971
505.482663971
505.482663971
505.482663971
505.482663971
505.482663971
505.482663971
505.482663971
505.482663971
505.482663971
505.482663971
505.482663971
505.482663971
505.482663971
505.482663971
505.482663971
505.482663971
505.482663971
505.482663971
505.482663971
505.482663971
505.482663971
505.482663971
505.482663971
505.482663971
505.482663971
505.482663971
505.482663971
505.482663971
505.482663971
505.482663971
505.482663971
505.482663971
505.482663971
505.482663971
505.482663971
505.482663971
505.482663971
505.482663971
505.482663971
505.482663971
505.482663971
505.482663971
505.482663971
505.482663971
505.482663971
505.482663971
505.482663971
505.482663971
505.482663971
505.482663971
505.482663971
505.482663971
505.482663971
505.482663971
505.482663971
505.482663971
505.482663971
505.482663971
505.482663971
505.482663971
505.482663971
505.482663971
505.482663971
505.482663971
505.482663971
541.944592997
541.944592997
541.944592997
541.944592997
541.944592997
548.8585962947
548.8585962947
548.8585962947
548.8585962947
548.8585962947
548.8585962947
548.8585962947
548.8585962947
548.8585962947
548.8585962947
548.8585962947
548.8668901011
548.8668901011
548.8668901011
548.8668901011
548.8668901011
548.8668901011
548.8668901011
550.583204501
550.583204501
550.583204501
550.583204501
550.583204501
550.583204501
550.583204501
550.583204501
550.583204501
550.583204501
550.583204501
550.583204501
550.583204501
550.583204501
550.583204501
550.583204501
550.583204501
550.583204501
550.583204501
550.583204501
550.583204501
550.583204501
550.583204501
550.583204501
550.583204501
550.583204501
550.583204501
550.583204501
550.583204501
550.583204501
550.583204501
550.583204501
550.583204501
550.583204501
550.583204501
550.583204501
550.583204501
550.583204501
550.583204501
550.583204501
550.583204501
550.583204501
550.583204501
550.583204501
550.583204501
550.583204501
550.583204501
550.583204501
550.583204501
550.583204501
550.583204501
550.583204501
550.583204501
550.583204501
550.583204501
550.583204501
550.583204501
550.583204501
550.583204501
550.583204501
550.583204501
550.583204501
550.583204501
550.583204501
550.583204501
550.583204501
550.583204501
550.583204501
550.583204501
550.583204501
550.583204501
550.583204501
550.583204501
550.583204501
550.583204501
550.583204501
550.583204501
550.583204501
550.583204501
550.583204501
550.583204501
550.583204501
550.583204501
550.583204501
550.583204501
550.583204501
550.583204501
550.583204501
550.583204501
550.583204501
550.583204501
550.583204501
550.583204501
550.583204501
550.583204501
550.583204501
550.583204501
550.583204501
550.583204501
550.583204501
550.583204501
550.583204501
550.583204501
550.583204501
550.583204501
550.583204501
550.583204501
550.583204501
550.583204501
550.583204501
550.583204501
550.583204501
550.583204501
550.583204501
550.583204501
550.583204501
550.583204501
550.583204501
550.583204501
550.583204501
550.583204501
550.583204501
550.583204501
550.583204501
550.583204501
550.583204501
550.583204501
550.583204501
550.583204501
550.583204501
550.583204501
550.583204501
